111998
112120
113310
115114
211120
212114
213112
221310
236115
236220
237310
238210
311421
312130
313110
315990
322220
325412
334111
334118
334210
336110
336390
337121
339112
339910
339920
339930
423110
423430
423510
423690
423830
423840
423940
424210
424410
424480
424690
424990
444110
445110
445320
449210
454110
455110
455219
456110
457110
458110
458210
458310
459120
459210
481111
483111
484121
485210
488510
493110
511210
512250
513130
516120
517111
517112
517410
518210
519130
522110
522210
522320
523150
523940
523999
524113
531110
531120
531130
531190
531210
531311
531312
531320
531390
532111
541110
541211
541214
541330
541430
541511
541512
541519
541611
541618
541715
541810
541922
541930
541940
541990
551112
561311
561422
561499
561510
561612
561730
561740
562111
562920
611110
611310
611410
611710
621111
621210
621399
621511
621910
622110
623110
623220
624410
711110
711211
711410
711510
712110
713110
713210
721110
722511
722513
811111
811210
812111
812112
812199
813110
813211
813219
dapp
exchange
gambling
gaming
infra
marketplace
neo_bank
other
saas
social
wallet
